0 0 0 0 0 0 0 0 0 0 0 0 0 0 0 0 0 0 0 0 0 0 0 0 12.26 43.42 75.01 118.01 167.87 218.35 254.86 281.46 306.32 347.78 373.61 400.88 410.53 451.08 513.86 580.52 589.98 666.23 783.92 895.6 991.74 1141.13 1358.18 1476.02 1460.86 1397.8 1434.64 1566.12 1648.72 1512.53 1360.42 1427.17 1148.61 992.99 1078.04 1206.2 1315.77 1335.91 1363.38 1320.62 1413.08 1413.06 1268.87 1210.7 1222.57 1246.95 1262.68 1185.91 1109.76 1028.24 922.82 818.28 714.5 587.34 458.49 340.32 255.72 189.15 127.07 84.67 51.59 21.28 4.45 0.03 0 0 0 0 0 0 0 0 
0 0 0 0 0 0 0 0 0 0 0 0 0 0 0 0 0 0 0 0 0 0 0 0 7.72 32.3 70.41 122.45 178.63 242.86 307.51 392.64 489.94 593.18 686.99 812.86 931.92 1051.09 1117.21 1189.98 1203.43 1239.58 1311.6 1357.2 1444.83 1511.08 1545.88 1589.74 1655.99 1678.1 1755.46 1809.22 1824.14 1763.87 1799.05 1768.82 1792.47 1823.25 1842 1756.44 1768 1813.6 1756.65 1662.6 1657.24 1622.68 1546.27 1444.57 1382.66 1242.21 1209.22 1109.04 1059.72 1059.43 902.31 759.86 682.15 538.39 420.59 334.35 241.4 181.6 126.32 82.61 45.83 15.86 1.78 0 0 0 0 0 0 0 0 0 
0 0 0 0 0 0 0 0 0 0 0 0 0 0 0 0 0 0 0 0 0 0 0 0 6.21 36.65 77.26 126.24 190.55 248.84 340.85 459.52 596.55 737.43 851.44 989.82 1111.24 1251.87 1389.54 1499.64 1597.36 1686.1 1781.99 1842.56 1902.62 1959.1 2073.25 2113.98 2120.22 2195.87 2217.28 2252.96 2271.16 2347.62 2384.44 2385.91 2393.68 2383.96 2356.49 2325.76 2304.72 2269.07 2212.4 2140.94 2070.94 1983.21 1888.11 1807.96 1714.1 1595.2 1476.15 1349 1209.89 1081.7 942.73 810.83 701.03 584.78 471.82 360.24 266.99 196.38 139.18 95.13 58 26.2 5.51 0 0 0 0 0 0 0 0 0 
0 0 0 0 0 0 0 0 0 0 0 0 0 0 0 0 0 0 0 0 0 0 0 0 5.15 36.09 71.69 117.5 181.71 261.19 353.71 464.85 592.56 721.06 849 985.76 1126.5 1263.64 1394 1512.95 1637.37 1734.6 1833.77 1921.03 2003.66 2074.69 2154.54 2205.02 2244.01 2290.76 2325.04 2348.58 2370.82 2393.42 2400.32 2374.52 2354.15 2340.59 2316.05 2289.26 2268.54 2217.47 2143.7 2087.11 2013.85 1937.79 1854.59 1778.09 1678.55 1574.31 1453.32 1333.06 1201.44 1076.35 944.79 809.54 678.82 549.2 426.82 328.94 241.47 168.27 114.68 71.88 38.35 14.28 1.75 0 0 0 0 0 0 0 0 0 
0 0 0 0 0 0 0 0 0 0 0 0 0 0 0 0 0 0 0 0 0 0 0 0 2.08 26.48 67.39 115.72 175.83 246.76 335.11 432.48 540.7 661.97 783.68 913.62 1045.28 1175.99 1305.6 1426.26 1523.56 1607.8 1708.19 1804.29 1884.3 1957.24 2028.91 2073.83 2104.17 2141.61 2179.12 2198.96 2212.37 2248.25 2245.3 2225.46 2209.14 2184.64 2158.07 2133.65 2110.87 2064.87 2006.17 1949.8 1866.63 1775.5 1691.04 1611.5 1548.55 1444.51 1319.2 1202.49 1092.62 971.42 845.46 738.91 619.95 508.31 409.18 322.65 244.04 181.3 130.25 85.27 45.96 14.44 1.13 0 0 0 0 0 0 0 0 0 
0 0 0 0 0 0 0 0 0 0 0 0 0 0 0 0 0 0 0 0 0 0 0 0 1.69 31.26 64.38 106.52 159.76 224.12 296.89 384.36 487.05 599.49 720.33 843.85 969.79 1092.9 1216.87 1340.41 1457.29 1529.57 1615.14 1697.56 1777.87 1849.4 1868.61 1949.4 1990.78 2013.93 2089.51 2109.39 2153.68 2162.33 2141.34 2103.68 2081.71 2067.51 2084.14 2025.18 1999.4 1938.86 1899.41 1826.13 1716.94 1607.4 1492.64 1418.65 1313.37 1158.94 1077.05 938.72 827.1 726.71 638.71 548.19 469.75 388.52 322.76 255.72 190.4 142.64 107.03 74.1 51.28 25.08 2.29 0 0 0 0 0 0 0 0 0 
0 0 0 0 0 0 0 0 0 0 0 0 0 0 0 0 0 0 0 0 0 0 0 0 0.55 26.49 68.34 125.14 186.26 246.01 315.91 400.99 487.69 607.16 731.02 863.04 997.77 1131.27 1235.79 1347.04 1414.16 1457.41 1486.37 1530.31 1620.13 1633.7 1716.98 1800.94 1867.74 1902 1931.09 1968.47 1981.68 2084.47 2103.88 2094.28 2043.25 1996.38 1913.71 1852.46 1778.71 1752.23 1717.92 1677.69 1606.26 1507.23 1409.46 1278.79 1176.32 1069.14 931.73 797.7 683.78 592.24 492.25 384.72 284.82 241.36 211.77 177.5 143.62 113.49 84.9 56.89 26.74 7.51 0.57 0 0 0 0 0 0 0 0 0 
0 0 0 0 0 0 0 0 0 0 0 0 0 0 0 0 0 0 0 0 0 0 0 0 0 3.68 13.23 29.74 47.83 65.65 86.81 125.41 169.54 235.78 304.4 394.02 469.82 525.24 618.76 666.75 712.29 650.26 558.57 491.73 438.38 385.4 355.9 332.27 321.1 303.13 298.88 291.51 321.59 344.76 332.01 319.09 350.29 396.11 401.06 391.45 378.04 360.65 320.76 261.63 220.52 199.34 172.26 162.73 171.93 168.97 159.11 150.5 138.29 125.03 115.44 109.91 99.68 79.85 61.76 50.35 35.41 23.49 14 6.01 1.16 0.24 0.24 0 0 0 0 0 0 0 0 0 
0 0 0 0 0 0 0 0 0 0 0 0 0 0 0 0 0 0 0 0 0 0 0 0 0 0.06 0.68 3.2 9.49 17.64 24.37 32.43 45.7 61.15 74.78 86.09 101.31 126.93 145.85 161.89 175.88 182.51 191.62 193.88 199.7 205.85 221.15 232.84 226.86 237.56 240.06 245.08 248.72 264.82 279.27 288.47 282.93 287.42 295.35 302 319.66 338.85 327.69 310.95 337.32 350.92 357.1 383.34 382.74 386.8 349.27 344.08 325.58 289.56 249.15 222.24 214.73 189.34 177.78 153.9 125.96 94.66 63.1 35.33 16.12 4.08 0.27 0 0 0 0 0 0 0 0 0 
0 0 0 0 0 0 0 0 0 0 0 0 0 0 0 0 0 0 0 0 0 0 0 0 0 16.16 47.01 90.36 149.34 226.27 322.27 432.42 556.1 686.81 828.27 982.8 1117.13 1272.96 1416.29 1556.22 1684.69 1778.84 1880.56 1977.21 2066.47 2145.44 2223.85 2273.29 2300.93 2318.75 2290.34 2281.75 2309.76 2237.43 2228.26 2212.61 2274.08 2198.05 2174.16 2169.28 2188.98 2119.06 2099.41 2039.64 1934.85 1838.42 1788.12 1703.61 1625.6 1548.68 1434.45 1329.65 1214.36 1078.78 948.83 812.27 680.3 544.32 422.25 319.84 231.3 158.25 100.7 58.47 28.56 8.62 0.27 0 0 0 0 0 0 0 0 0 
0 0 0 0 0 0 0 0 0 0 0 0 0 0 0 0 0 0 0 0 0 0 0 0 0 18.07 50.72 92.38 146.94 222.02 310.41 423.16 553.64 686.42 812.95 959.04 1102.7 1246.17 1386.2 1521.15 1650.19 1734.51 1787.3 1810.4 1910.35 2008.08 2150.76 2228.32 2293.42 2333.34 2303.72 2254.45 2227.77 2202.37 2230.06 2131.45 2025.9 1887.42 1782.12 1743.47 1762.2 1750.99 1754.88 1683.32 1601.46 1485.24 1355.33 1293.12 1243.05 1208.86 1133.19 975.4 963.87 862.05 748.06 632.71 515.29 414.46 327.07 232.22 168.79 126.52 83.33 45.98 19.33 3.75 0.05 0 0 0 0 0 0 0 0 0 
0 0 0 0 0 0 0 0 0 0 0 0 0 0 0 0 0 0 0 0 0 0 0 0 0 15.78 48.79 96.36 140.06 191.52 243.64 321.48 392.28 481.58 518.4 563.31 619.39 661.63 704.42 804.55 855.66 921.9 1005.85 1062.62 1131.48 1190.67 1194.48 1262.68 1286.14 1309.96 1333.21 1382.79 1340.62 1386.41 1478.88 1443.57 1434.94 1387.22 1302.57 1227.55 1134.28 1186.69 1197.39 1146.47 1157.75 1084.79 1033.08 967.69 905.52 880.48 881.24 839.29 738.92 678.39 680.94 599.33 504.46 437.07 340.2 275.69 214.26 159.7 103.77 58.46 23.5 4.22 0.02 0 0 0 0 0 0 0 0 0 
0 0 0 0 0 0 0 0 0 0 0 0 0 0 0 0 0 0 0 0 0 0 0 0 0 8.92 40.99 82.98 138.45 192.78 261.24 335.14 436.01 531.08 633.71 754.4 882.74 1060.66 1208.95 1332.09 1444.59 1444.3 1494.31 1549.62 1523.73 1586.72 1671.81 1730.9 1679.73 1576.05 1464.67 1462.22 1447.97 1378.52 1395.39 1337.29 1340.19 1373.07 1385.13 1287.68 1175.1 1133.43 1097.91 1046.24 1035.98 1081.32 1073.02 1145.54 1168 1112.46 1079.03 1038.34 958.68 913.83 830.86 705.69 585.46 481.14 396.34 317.15 243.32 174.87 118.74 69.46 30.79 7 0 0 0 0 0 0 0 0 0 0 
0 0 0 0 0 0 0 0 0 0 0 0 0 0 0 0 0 0 0 0 0 0 0 0 0 5.51 31.88 68.18 117.37 185.77 258.57 333.36 427.63 519.24 617.94 752.38 856.15 896.55 910.68 1012.1 1138.18 1135.45 1220.97 1254.62 1253.21 1212.57 1337.82 1404.08 1291.5 1323.05 1393.34 1464.13 1415.34 1266.93 1346.12 1420.31 1342.04 1368.62 1489.99 1545.01 1531.69 1617.65 1581.82 1530.21 1449.88 1497.03 1434.77 1380.25 1345.63 1256.08 1155.25 1027.68 943 866.75 754.95 651.04 504.29 383.83 317.61 246.21 197.2 137.36 92.4 52 19.21 3.41 0 0 0 0 0 0 0 0 0 0 
0 0 0 0 0 0 0 0 0 0 0 0 0 0 0 0 0 0 0 0 0 0 0 0 0 2.4 26.13 56.53 97.97 146.97 202.47 253.63 316.9 372.09 432.77 453.18 499.88 529.05 547.74 572.44 605.21 619.45 598.21 626.26 665.4 718.94 762.94 787.52 791.24 862.9 898.91 956.84 999.06 1043.64 1062.6 1019.34 999.57 1019.97 1000.41 1008.99 1030.41 1076.76 1070.12 1025.87 1000.45 988.11 940.09 923.51 867.52 804.14 737.75 658.48 594.15 523.91 472.51 424.68 377.5 320.78 264.68 208.82 159.51 116.08 74.8 36.44 11.01 0.76 0 0 0 0 0 0 0 0 0 0 
0 0 0 0 0 0 0 0 0 0 0 0 0 0 0 0 0 0 0 0 0 0 0 0 0 2.86 39.9 79.86 137.12 201.29 283.35 385.17 503.29 589.76 710.82 846.41 984.35 1123.56 1242.15 1429.74 1559.25 1655.1 1751.82 1854.97 1929.58 2007.23 2099.13 2131.78 2137.09 2205.87 2239.66 2272.56 2284.16 2292.48 2270.09 2238.42 2200.28 2152.38 2063.57 1966.27 1865.58 1788.09 1672.95 1577.72 1471.62 1361.82 1312.52 1220 1112.25 985.91 892.02 797.05 731.91 590.41 489.58 422.76 350.45 274.83 221.27 167.88 111.42 69.22 40.13 16.11 2.88 0.1 0 0 0 0 0 0 0 0 0 0 
0 0 0 0 0 0 0 0 0 0 0 0 0 0 0 0 0 0 0 0 0 0 0 0 0 0.05 16.26 42.2 80.25 142.59 215.75 290.1 382.58 459.53 554.41 665.05 746.29 822.05 915.22 1014.96 1145.81 1244.07 1431.3 1592.89 1609.17 1733.56 1861.53 1985.98 2029.9 2154.5 2209.76 2246.16 2320.71 2311.14 2336.7 2328.72 2278.99 2192.4 2091.95 2037.52 1975.1 1935.15 1811.6 1678.58 1605.6 1486.33 1321.4 1211.2 1071.71 979.38 867.84 735.81 662.56 537.67 469.89 425.43 349.67 276.35 200.32 154.71 113.88 83.81 54.72 29.01 8.85 0.75 0 0 0 0 0 0 0 0 0 0 
0 0 0 0 0 0 0 0 0 0 0 0 0 0 0 0 0 0 0 0 0 0 0 0 0 0 26.26 58.07 103.72 159.34 214 305.2 428.27 542.42 665.12 800.61 917.57 1061.8 1212.35 1342.6 1470.28 1568.87 1658.53 1749.79 1777.25 1849.89 1903.55 1855.85 1837.2 1803.57 1759.89 1717.48 1735.08 1676.62 1631.15 1589.02 1491.04 1472.14 1391.57 1340.79 1407.11 1333.68 1262.88 1102.35 955.5 831.9 777.92 806.64 792.99 814.47 811.18 762.31 707.24 635.3 553.08 513.1 450.17 362.09 286.35 205.4 121.89 72.67 38.15 16.09 3.72 0.24 0 0 0 0 0 0 0 0 0 0 
0 0 0 0 0 0 0 0 0 0 0 0 0 0 0 0 0 0 0 0 0 0 0 0 0 0 17.04 49.55 92.23 164.34 237.08 330.44 452.47 580.28 695.05 824.98 956.92 1031.76 1130.4 1246.15 1336.75 1395.94 1474.74 1585.92 1641.19 1610.12 1683.22 1639.15 1698.06 1660.59 1725 1795.27 1750.5 1823.19 1832.75 1818.32 1720.82 1731.35 1665.94 1630.6 1602.16 1546.75 1498.79 1471.67 1400.64 1417.82 1452.86 1490.6 1386.43 1336.73 1226.02 1097.92 981.08 862.66 773.49 651.87 535.13 428.88 344.66 255.03 181.32 110.64 66.92 32.26 8.5 0.23 0 0 0 0 0 0 0 0 0 0 
0 0 0 0 0 0 0 0 0 0 0 0 0 0 0 0 0 0 0 0 0 0 0 0 0 0 29.98 69.92 120.2 177.21 252.31 342.56 453.1 567.63 701.11 786.73 938.05 1061.52 1158.73 1232.09 1281.19 1256.16 1237.99 1292.41 1318.21 1381.09 1346.74 1418.2 1534.3 1698.15 1692.96 1685.9 1726.29 1762.58 1788.53 1749.92 1756.16 1730.2 1734.53 1738.99 1779.16 1667.48 1570.85 1596.3 1542.71 1421.32 1337.85 1221.12 1190.64 1144.43 980.72 868.78 798.37 763.14 678.23 585.32 473.7 398.39 295.87 214.01 146.71 90.93 51.58 21.34 5.73 0.36 0 0 0 0 0 0 0 0 0 0 
0 0 0 0 0 0 0 0 0 0 0 0 0 0 0 0 0 0 0 0 0 0 0 0 0 0 1.72 8.35 22.27 37.73 63.72 98.61 137.61 195.05 252.63 314.47 349.36 375.87 386.6 348.12 369.99 392.2 378.86 365.53 400.42 411.82 412.58 422.32 395.83 425.57 500.5 528.31 594.39 792.79 979.92 1114.75 1312.49 1473.92 1440.83 1321.11 1317.73 1172.38 1041.42 879.07 770.45 692.05 583.66 570.59 573.76 602.99 703.67 787.75 800.44 694.78 535.59 442.55 379.5 296.36 270.08 216.49 155.47 119.87 84.6 47.96 10.99 0.1 0 0 0 0 0 0 0 0 0 0 
0 0 0 0 0 0 0 0 0 0 0 0 0 0 0 0 0 0 0 0 0 0 0 0 0 0 14.01 43.76 87.55 136.96 202.12 276.05 383.24 488.2 567.89 623.97 724.75 826.89 950.74 1012.83 1081.2 1135.36 1212.12 1172.32 1128.51 1175.11 1263.42 1277.74 1257.52 1232.61 1341.79 1330.97 1284.8 1304.26 1458.73 1624.95 1714.64 1723.51 1756.52 1725.32 1686.32 1664.51 1698.19 1683.58 1619.88 1555.05 1512.63 1453.5 1379.23 1285.19 1164.61 1111.12 990.22 896.4 776.03 637.77 535.5 415.6 322.54 237.78 160.71 100.38 57.31 23.65 4.74 0 0 0 0 0 0 0 0 0 0 0 
0 0 0 0 0 0 0 0 0 0 0 0 0 0 0 0 0 0 0 0 0 0 0 0 0 0 15.46 67.97 128.12 180.62 245.45 321.34 426.15 556.52 664.72 786.92 950.01 1134.06 1262.5 1367.26 1447.54 1404.87 1264.2 1101.94 1061.82 1122.67 1290.93 1411.27 1446.75 1469.16 1353.04 1299.67 1264.77 1118.49 1051.41 1059.91 1087.92 1089.07 1067.82 1075.77 1011.23 946.2 891.01 911.32 947.24 947.57 972.22 1013.82 1051.7 952.01 889.35 762.44 635.85 551.61 451.6 394.67 319.57 262 216.66 185 133.24 87.77 45.71 15.81 2.37 0 0 0 0 0 0 0 0 0 0 0 
0 0 0 0 0 0 0 0 0 0 0 0 0 0 0 0 0 0 0 0 0 0 0 0 0 0 10.06 50.16 96.45 156.57 231.04 317.24 444.02 557.33 667.19 804.67 928.41 1066.8 1209.49 1400.06 1533.18 1600.44 1644.76 1704.51 1752.02 1803.24 1843.13 1831.05 1782.1 1748 1727.34 1632.88 1657.98 1659.77 1659.6 1510.56 1417.99 1137.87 1091.06 968.38 964.88 856.29 707.48 655.36 688.99 720.43 762.92 820.97 811.67 692.92 693.22 697.77 649.69 591.99 557.04 464.91 324.94 259.34 193.52 138.12 96.39 63.06 31.6 12.03 2.22 0 0 0 0 0 0 0 0 0 0 0 
0 0 0 0 0 0 0 0 0 0 0 0 0 0 0 0 0 0 0 0 0 0 0 0 0 0 4.61 38.28 82.71 143.17 219.21 310.17 426.14 558.98 690.21 828.15 981.71 1135.58 1284.64 1436.43 1569.33 1685.76 1776.33 1828 1877.92 1883.5 1830.28 1733.83 1649.42 1621.06 1589.48 1432.11 1371.22 1349.98 1268.88 1270.4 1203.91 1109.85 1037.09 1052.82 1101.09 1078.04 1066.45 1084.45 1054.66 1036.91 1019.21 991.53 976.62 894.48 822.35 731.98 673.61 599.58 545.47 511.25 475.17 371.32 282.61 196.91 134.68 84.23 45.89 17.16 1.89 0 0 0 0 0 0 0 0 0 0 0 
0 0 0 0 0 0 0 0 0 0 0 0 0 0 0 0 0 0 0 0 0 0 0 0 0 0 2.77 35.38 77.24 136.69 216.42 315.91 442.72 573.81 711.24 855.48 1005.6 1146.35 1276.82 1393.28 1469.53 1550.11 1579.11 1646.79 1715.98 1845.66 1884.51 1962.9 1999.46 2016.21 2016.39 2053.55 2006.69 1961.88 1951.75 1891.6 1833.62 1725.04 1645.08 1594.52 1451.4 1261.87 1174.73 1042.84 925.35 878.96 801.61 697.28 611.64 526.48 458.88 391.34 327.12 287.48 256.53 211.3 167.67 128.12 77.85 47.92 30.84 14.83 5.68 1.23 0.2 0 0 0 0 0 0 0 0 0 0 0 
0 0 0 0 0 0 0 0 0 0 0 0 0 0 0 0 0 0 0 0 0 0 0 0 0 0 0.08 7.5 28.18 57.63 98.37 139.68 183.56 237.24 264.86 278.98 316.55 381.19 459.15 528.19 589.97 726.42 835.8 923.72 1015.82 1090.12 1142.16 1283.64 1345.18 1419.67 1368.83 1459.39 1472.85 1410.87 1287.74 1227.98 1134.11 1176.29 1235 1255.92 1201.72 1171.95 1126.66 1038.11 983.4 1048.85 1027.03 1024.85 932.56 815.83 775.07 759.2 644.55 564.03 500.75 446.51 367.7 287.66 215.1 160.51 101.19 57.98 24.59 4.19 0.06 0 0 0 0 0 0 0 0 0 0 0 
0 0 0 0 0 0 0 0 0 0 0 0 0 0 0 0 0 0 0 0 0 0 0 0 0 0 0 26.32 57.5 94.72 133.27 186.35 241.84 320.58 398.96 483.7 581.48 663.42 740.58 845.95 1023.58 1120.94 1203.07 1343.37 1509.93 1571.46 1694.14 1760.06 1762.48 1783.5 1818.97 1746.07 1614.62 1529.26 1526.79 1430.07 1452.24 1403.76 1369.91 1393.86 1474.84 1425.24 1459.59 1459.43 1325.1 1323.76 1280.04 1145.8 974.22 855.45 671.56 558.41 447.92 363.9 306.38 248.81 181.54 148.3 120.18 75.11 42.53 17.76 3.36 0.14 0.22 0 0 0 0 0 0 0 0 0 0 0 
0 0 0 0 0 0 0 0 0 0 0 0 0 0 0 0 0 0 0 0 0 0 0 0 0 0 0 4.17 15.72 33.03 59.2 93.58 120.02 137.65 164.83 194.74 243.62 270.05 295.61 318.94 335.88 381.52 440.81 476.82 528.58 567.44 585.79 626.72 625.54 574.76 565.13 558.48 568.32 566.23 565.55 567.38 565.12 567.29 529.28 502.16 474.93 453.84 461.4 484.24 518.92 512.26 497.48 508.81 413.96 349.55 336.22 288.35 252.66 229.8 208.43 172.88 133.28 101.11 82.25 57.82 38.18 18.76 5.92 0.38 0.01 0 0 0 0 0 0 0 0 0 0 0 
0 0 0 0 0 0 0 0 0 0 0 0 0 0 0 0 0 0 0 0 0 0 0 0 0 0 0 1.17 6.76 22.66 47.27 77.54 104.19 124.15 134.11 141.79 155.32 174.54 221.39 272.86 319.78 345.5 383.34 409.48 472.04 534.57 566.23 589.01 588.99 593.63 627.01 686.28 653.56 675.52 684.15 690.73 753.5 864.82 936.46 1021.93 987.14 1110.19 1222.35 1314.8 1294.06 1295.29 1248.37 1216.49 1154 1034.14 1017.51 940.91 840.2 760.11 676.24 574.41 452.24 359.12 268.92 179.67 112.08 64.26 27.83 5.58 0 0 0 0 0 0 0 0 0 0 0 0 
0 0 0 0 0 0 0 0 0 0 0 0 0 0 0 0 0 0 0 0 0 0 0 0 0 0 0 25.78 67.92 123.8 199.05 289.81 410.9 531.62 672.57 806.73 954.1 1113.22 1262.56 1401.36 1526.79 1582.01 1648.68 1696.41 1739.77 1794.98 1855.31 1873.63 1806.37 1862.61 1809.28 1820 1725.8 1786.3 1772.82 1805.21 1875.78 1804.54 1761.61 1755.59 1770.58 1723.23 1695.99 1506.51 1399.32 1427.31 1442.48 1442.55 1336.96 1195.81 1064.21 1022.95 949.65 822.94 670.09 543.01 407.04 335.05 257.32 171.85 102.19 56.63 21.7 2.95 0 0 0 0 0 0 0 0 0 0 0 0 
0 0 0 0 0 0 0 0 0 0 0 0 0 0 0 0 0 0 0 0 0 0 0 0 0 0 0 18.63 63.33 121.14 194.93 286.2 404.23 523.66 637.78 762.85 896.33 1030.7 1144.8 1264.59 1359.19 1417.4 1499.08 1576.79 1665.72 1707.23 1756.4 1830.47 1842.14 1821.85 1888.32 1983.21 1994.3 1919.01 1934.59 1901.1 2014.48 1963.16 1907.38 1795.88 1807.55 1733.14 1686.33 1671.63 1568.15 1513.12 1397.25 1313.85 1208.42 1101.1 1050.14 958.17 842.38 721.36 597.34 500.47 420.95 330.95 242.09 158.76 99.2 51.09 17.41 1.72 0 0 0 0 0 0 0 0 0 0 0 0 
0 0 0 0 0 0 0 0 0 0 0 0 0 0 0 0 0 0 0 0 0 0 0 0 0 0 0 15.98 58.1 113.52 183.95 274.86 388.72 519.1 641.51 775.02 918.91 1067.51 1214.19 1365.95 1507.1 1610.85 1730.61 1831.7 1915.78 1995.75 2042.98 2086.69 2102.48 2114.21 2129.63 2180.7 2234.09 2249.75 2261.4 2231.95 2251.59 2246.53 2209 2174.48 2121.84 2066.83 1964.81 1895.06 1816.2 1724.71 1604.81 1507.63 1391.98 1301.91 1225.9 1112.16 987.07 848 703.64 573.11 449.66 337.09 235.09 156.14 94.14 50.2 17.3 1.04 0 0 0 0 0 0 0 0 0 0 0 0 
0 0 0 0 0 0 0 0 0 0 0 0 0 0 0 0 0 0 0 0 0 0 0 0 0 0 0 10.55 66.16 126.79 200.05 292.55 401.5 521.71 645.23 785.61 928.64 1085.6 1217.32 1363.57 1483.42 1601.06 1709.88 1814.95 1901.59 2006.21 2086.6 2152.58 2205.93 2257.11 2294.62 2339.42 2357.06 2379.13 2395.52 2383.19 2368.97 2339.07 2305.93 2274.49 2230.4 2171.71 2103.61 2031.33 1943.12 1853.15 1763.84 1657.66 1550.63 1420.07 1285.84 1144.92 991.77 835.94 696.1 566.67 432.61 320.67 220.57 142.42 83.52 41.78 13.28 0.59 0 0 0 0 0 0 0 0 0 0 0 0 
0 0 0 0 0 0 0 0 0 0 0 0 0 0 0 0 0 0 0 0 0 0 0 0 0 0 0 6.78 50.79 107.18 181.12 275.24 394.78 517.63 633.59 783.11 922.45 1056.71 1201.8 1316.44 1426.77 1535.41 1632.11 1730.21 1831.47 1921.85 2004.56 2073.57 2126.17 2172.24 2231.34 2269.33 2303.6 2298.47 2306.29 2307.41 2277.08 2245.19 2203.51 2148.61 2107.8 2043.49 2010.38 1922.76 1830.21 1724.62 1614.87 1499.96 1354.61 1254.18 1145.32 1037.94 904.88 758.04 650.34 531.73 403.73 302.97 220.75 145.01 85.52 42.62 13.33 0.48 0 0 0 0 0 0 0 0 0 0 0 0 
0 0 0 0 0 0 0 0 0 0 0 0 0 0 0 0 0 0 0 0 0 0 0 0 0 0 0 2.93 42.14 92.89 160.62 252.94 367.18 495.01 627.86 771.75 910.86 1056.27 1205.9 1348.66 1471.8 1595.33 1690.17 1787.79 1866.12 1949.3 2027.55 2092.46 2148.23 2197.92 2219.3 2248.36 2284.76 2298.38 2304.57 2307.51 2287.5 2261.71 2238.23 2194.72 2162.24 2095.29 2035.47 1958.4 1879.08 1781.4 1690.38 1586.7 1463.14 1351.38 1227.2 1086.71 948.08 796.55 660.21 526.12 391.26 285.41 188.21 115.82 62.86 26.57 5.22 0.05 0 0 0 0 0 0 0 0 0 0 0 0 
0 0 0 0 0 0 0 0 0 0 0 0 0 0 0 0 0 0 0 0 0 0 0 0 0 0 0 1.18 51.47 105.98 178.72 260.74 358.93 477.5 599.56 717.27 865.91 1005.21 1143.66 1287.81 1407.72 1509.97 1615.07 1708.68 1796.83 1900.15 1956.44 2017.1 2047.85 2119.56 2150.24 2174.11 2212.48 2230.75 2251.57 2216.99 2193.94 2183 2147.01 2122.25 2083.47 2038.07 1965.55 1902.56 1816.95 1725.67 1628.58 1537.41 1429.49 1295.23 1162.1 1032.72 891.18 761.9 625.18 500.04 375.19 275 185.17 115.5 63.72 28 6.15 0.01 0 0 0 0 0 0 0 0 0 0 0 0 
